E(SCF)    =  -74.942079898837 in 11 iterations
  Convergence:
    FPS-SPF  =  1.644919653652283e-13
    RMS(P)   =  1.82e-13
    dE(SCF)  =  -5.70e-12
  Dipole X =  -0.00000000
  Dipole Y =  1.53400920
  Dipole Z =  0.00000000
E(MP2) =  -74.99122954359801
[[ 2.59134447e-02  2.97462515e-02 -2.41310062e-17 -8.16040893e-03
  -2.41310062e-17  8.56919614e-03  8.56919614e-03]
 [ 2.97462515e-02  2.71420876e+00 -1.70281719e-14 -2.88089152e-01
  -1.70281719e-14  2.88869932e+00  2.88869932e+00]
 [-2.41310062e-17 -1.70281719e-14  2.30270234e+00  0.00000000e+00
   0.00000000e+00  2.61433277e+00 -2.61433277e+00]
 [-8.16040893e-03 -2.88089152e-01  0.00000000e+00  2.30270234e+00
   0.00000000e+00  1.72814037e+00  1.72814037e+00]
 [-2.41310062e-17 -1.70281719e-14  0.00000000e+00  0.00000000e+00
   2.30270234e+00 -8.72823704e-15 -8.72823704e-15]
 [ 8.56919614e-03  2.88869932e+00  2.61433277e+00  1.72814037e+00
  -8.72823704e-15  1.21597847e+01  3.85891168e+00]
 [ 8.56919614e-03  2.88869932e+00 -2.61433277e+00  1.72814037e+00
  -8.72823704e-15  3.85891168e+00  1.21597847e+01]]
